elvl remain move carry work
0    0      1    0     1
1    0      1    0     1
2    0      2    1     1
3    50     2    1     1
4    50     3    1     2
5    50     4    1     3
6    50     5    1     4
7    50     6    1     5
8    50     7    1     6
9    50     8    1     7
10   50     9    1     8
11   50     10   1     9
12   50     11   1     10
13   50     12   1     11
14   50     13   1     12
15   50     14   1     13
16   50     15   1     14
17   50     16   1     15
18   50     17   1     16
19   50     18   1     17
20   50     19   1     18
21   50     20   1     19
22   50     21   1     20
23   50     22   1     21
24   50     23   1     22
25   50     24   1     23
26   50     25   1     24
