elvl remain tough move ranged melee heal
0    0      0     1    1      0     0
1    0      0     1    1      0     0
2    0      0     2    1      0     1
3    0      0     3    2      0     1
4    0      2     6    2      1     1
5    0      2     8    3      1     1
6    0      2     10   4      1     1
7    0      2     10   4      1     2
8    0      2     12   5      1     2
9    10     1     11   7      1     2
10   0      2     14   6      1     3
11   10     1     13   8      1     3
12   0      2     15   9      1     3
13   10     1     15   9      1     4
14   0      2     17   10     1     4
15   10     1     17   10     1     5
16   0      2     19   11     1     5
17   0      2     21   12     1     5
18   0      2     21   12     1     6
19   0      2     23   13     1     6
20   0      2     25   14     1     6
21   0      2     25   14     1     7
22   60     1     26   15     1     7
23   210    1     25   16     1     7
24   460    1     25   16     1     7
25   710    1     25   16     1     7
26   960    1     25   16     1     7
